Edge	4	93	94	0	0	0	7
	Sequence	+edge_3_0_+disjointig_8_0_279499 279499 23 279500 0 279499
Edge	8	112	10	0	0	0	6
	Sequence	+edge_5_0_-disjointig_1_0_48716 48716 -1 64603 0 48716
Edge	12	90	91	0	0	0	6
	Sequence	+edge_7_0_+disjointig_1_0_10685 10685 1 64603 0 10685
Edge	28	116	117	0	0	0	8
	Sequence	+edge_15_0_-disjointig_17_77023_104373 27350 -9 104374 77023 104373
Edge	30	108	111	0	0	0	8
	Sequence	+edge_16_0_+disjointig_12_317868_337957 20089 4 337958 317868 337957
Edge	38	13	38	0	0	0	6
	Sequence	+edge_20_0_+disjointig_7_161282_196000 34718 22 292374 161282 196000
Edge	40	69	14	0	0	0	11
	Sequence	+edge_21_0_+disjointig_6_37500_43064 5564 21 545808 37500 43064
Edge	42	9	107	0	0	0	14
	Sequence	+edge_22_0_+disjointig_12_311674_313416 1742 4 337958 311674 313416
Edge	44	119	20	0	0	0	10
	Sequence	+edge_23_0_-disjointig_3_0_360050 360050 -18 395963 0 360050
Edge	50	17	87	0	0	0	6
	Sequence	+edge_26_0_+disjointig_2_225100_268711 43611 12 268712 225100 268711
Edge	56	39	72	0	0	0	8
	Sequence	+edge_29_0_+disjointig_7_201388_292373 90985 22 292374 201388 292373
Edge	58	70	71	0	0	0	5
	Sequence	+edge_30_0_-disjointig_19_0_59275 59275 -11 59276 0 59275
Edge	60	65	66	0	0	0	8
	Sequence	+edge_31_0_+disjointig_6_0_32541 32541 21 545808 0 32541
Edge	64	7	59	0	0	0	8
	Sequence	+edge_33_0_-disjointig_12_31846_337957 306111 -4 337958 31846 337957
Edge	68	56	57	0	0	0	9
	Sequence	+edge_35_0_-disjointig_24_0_73327 73327 -17 73328 0 73327
Edge	72	21	51	0	0	0	7
	Sequence	+edge_37_0_-disjointig_3_365433_395962 30529 -18 395963 365433 395962
Edge	74	5	83	0	0	0	10
	Sequence	+edge_38_0_+disjointig_13_70628_102384 31756 5 102385 70628 102384
Edge	76	50	4	0	0	0	8
	Sequence	+edge_39_0_+disjointig_13_0_65372 65372 5 102385 0 65372
Edge	78	48	16	0	0	0	8
	Sequence	+edge_40_0_+disjointig_2_0_219790 219790 12 268712 0 219790
Edge	88	64	12	0	0	0	9
	Sequence	+edge_45_0_+disjointig_7_0_156165 156165 22 292374 0 156165
Edge	90	15	99	0	0	0	8
	Sequence	+edge_46_0_+disjointig_6_47505_545807 498302 21 545808 47505 545807
Edge	92	85	86	0	0	0	7
	Sequence	+edge_47_0_-disjointig_22_0_83221 83221 -15 83238 0 83221
Edge	94	86	110	0	0	0	9
	Sequence	+edge_48_0_-disjointig_17_5066_71733 66667 -9 104374 5066 71733
Edge	96	109	74	0	0	0	9
	Sequence	+edge_49_0_-disjointig_11_0_344941 344941 -3 344955 0 344941
Edge	98	74	75	0	0	0	9
	Sequence	+edge_50_0_-disjointig_16_52931_110290 57359 -8 110291 52931 110290
Edge	100	114	81	0	0	0	7
	Sequence	+edge_51_0_+disjointig_23_0_177032 177032 16 179893 0 177032
Edge	102	81	82	0	0	0	7
	Sequence	+edge_52_0_+disjointig_4_4392_444205 439813 19 444206 4392 444205
Edge	104	98	34	0	0	0	7
	Sequence	+edge_53_0_-disjointig_14_0_227688 227688 -6 227750 0 227688
Edge	106	34	35	0	0	0	7
	Sequence	+edge_54_0_-disjointig_15_7161_210043 202882 -7 210044 7161 210043
Edge	108	33	33	0	0	0	8
	Sequence	+edge_55_0_+disjointig_20_1_112061 112060 13 124689 1 112061
Edge	110	30	31	0	0	0	9
	Sequence	+edge_56_0_-disjointig_9_0_205960 205960 -24 205961 0 205960
Edge	112	31	60	0	0	0	8
	Sequence	+edge_57_0_+disjointig_5_17009_476322 459313 20 476323 17009 476322
Edge	114	73	26	0	0	0	7
	Sequence	+edge_58_0_-disjointig_10_0_236125 236125 -2 236127 0 236125
Edge	116	26	27	0	0	0	8
	Sequence	+edge_59_0_-disjointig_18_8644_43235 34591 -10 43236 8644 43235
Edge	118	24	25	0	0	0	8
	Sequence	+edge_60_0_+10880ec2-6c0f-4ccb-8836-bbed9b8d892c_1431_6785 5354 * 0 0 0
Edge	120	18	19	0	0	0	9
	Sequence	+edge_61_0_-b116f0cc-bcbe-4e01-97d8-b195eb794168_1577_5971 4394 * 0 0 0
Edge	122	38	39	0	0	0	7
	Sequence	+edge_62_0_-6768d634-391b-4674-ad95-91926c8bbdb9_6263_11649 5386 * 0 0 0
Edge	124	53	46	0	0	0	7
	Sequence	+edge_63_0_+72d580e0-5c1e-4fd3-97bf-c6345c5f1c17_1922_6985 5063 * 0 0 0
Edge	126	110	116	0	0	0	8
	Sequence	+edge_64_0_-75b9ad6d-9566-450a-ae1e-d909b6093330_9845_15115 5270 * 0 0 0
Edge	128	10	11	0	0	0	6
	Sequence	+edge_65_0_-270554a9-0547-4589-a27c-8fc8faba209e_8000_13155 5155 * 0 0 0
Edge	130	16	17	0	0	0	7
	Sequence	+edge_66_0_+9cf90b60-f3c4-4958-b968-154f8c3cfa11_9616_14891 5275 * 0 0 0
Edge	132	8	9	0	0	0	11
	Sequence	+edge_67_0_-c86b67b7-ae1e-4e0d-a6fb-516f75cea6b0_7522_13045 5523 * 0 0 0
Edge	134	22	23	0	0	0	11
	Sequence	+edge_68_0_+380702d6-1da7-4b3a-9777-33cddc38ba6a_10673_15094 4421 * 0 0 0
Edge	136	4	5	0	0	0	9
	Sequence	+edge_69_0_+edc53ca7-29ec-41cd-974b-b6303f7d9dbb_556_5803 5247 * 0 0 0
Edge	138	66	69	0	0	0	9
	Sequence	+edge_70_0_+85f7d21d-d910-422f-9f99-28df5f7181cf_3854_8797 4943 * 0 0 0
Edge	139	0	1	0	0	0	9
	Sequence	-edge_70_0_+85f7d21d-d910-422f-9f99-28df5f7181cf_3854_8797 4943 * 0 0 0
Edge	137	2	3	0	0	0	9
	Sequence	-edge_69_0_+edc53ca7-29ec-41cd-974b-b6303f7d9dbb_556_5803 5247 * 0 0 0
Edge	135	107	108	0	0	0	11
	Sequence	-edge_68_0_+380702d6-1da7-4b3a-9777-33cddc38ba6a_10673_15094 4421 * 0 0 0
Edge	133	6	7	0	0	0	11
	Sequence	-edge_67_0_-c86b67b7-ae1e-4e0d-a6fb-516f75cea6b0_7522_13045 5523 * 0 0 0
Edge	131	97	61	0	0	0	7
	Sequence	-edge_66_0_+9cf90b60-f3c4-4958-b968-154f8c3cfa11_9616_14891 5275 * 0 0 0
Edge	129	91	100	0	0	0	6
	Sequence	-edge_65_0_-270554a9-0547-4589-a27c-8fc8faba209e_8000_13155 5155 * 0 0 0
Edge	127	102	52	0	0	0	8
	Sequence	-edge_64_0_-75b9ad6d-9566-450a-ae1e-d909b6093330_9845_15115 5270 * 0 0 0
Edge	125	12	13	0	0	0	7
	Sequence	-edge_63_0_+72d580e0-5c1e-4fd3-97bf-c6345c5f1c17_1922_6985 5063 * 0 0 0
Edge	123	88	89	0	0	0	7
	Sequence	-edge_62_0_-6768d634-391b-4674-ad95-91926c8bbdb9_6263_11649 5386 * 0 0 0
Edge	121	14	15	0	0	0	9
	Sequence	-edge_61_0_-b116f0cc-bcbe-4e01-97d8-b195eb794168_1577_5971 4394 * 0 0 0
Edge	119	20	21	0	0	0	8
	Sequence	-edge_60_0_+10880ec2-6c0f-4ccb-8836-bbed9b8d892c_1431_6785 5354 * 0 0 0
Edge	117	77	78	0	0	0	8
	Sequence	-edge_59_0_-disjointig_18_8644_43235 34591 10 43236 0 34591
Edge	115	78	80	0	0	0	7
	Sequence	-edge_58_0_-disjointig_10_0_236125 236125 2 236127 1 236126
Edge	113	84	28	0	0	0	8
	Sequence	-edge_57_0_+disjointig_5_17009_476322 459313 -20 476323 0 459313
Edge	111	28	29	0	0	0	9
	Sequence	-edge_56_0_-disjointig_9_0_205960 205960 24 205961 0 205960
Edge	109	32	32	0	0	0	8
	Sequence	-edge_55_0_+disjointig_20_1_112061 112060 -13 124689 12627 124687
Edge	107	120	36	0	0	0	7
	Sequence	-edge_54_0_-disjointig_15_7161_210043 202882 7 210044 0 202882
Edge	105	36	37	0	0	0	7
	Sequence	-edge_53_0_-disjointig_14_0_227688 227688 6 227750 61 227749
Edge	103	40	41	0	0	0	7
	Sequence	-edge_52_0_+disjointig_4_4392_444205 439813 -19 444206 0 439813
Edge	101	41	95	0	0	0	7
	Sequence	-edge_51_0_+disjointig_23_0_177032 177032 -16 179893 2860 179892
Edge	99	115	42	0	0	0	9
	Sequence	-edge_50_0_-disjointig_16_52931_110290 57359 8 110291 0 57359
Edge	97	42	43	0	0	0	9
	Sequence	-edge_49_0_-disjointig_11_0_344941 344941 3 344955 13 344954
Edge	95	52	44	0	0	0	9
	Sequence	-edge_48_0_-disjointig_17_5066_71733 66667 9 104374 32640 99307
Edge	93	44	45	0	0	0	7
	Sequence	-edge_47_0_-disjointig_22_0_83221 83221 15 83238 16 83237
Edge	91	76	18	0	0	0	8
	Sequence	-edge_46_0_+disjointig_6_47505_545807 498302 -21 545808 0 498302
Edge	89	46	47	0	0	0	9
	Sequence	-edge_45_0_+disjointig_7_0_156165 156165 -22 292374 136208 292373
Edge	79	61	62	0	0	0	8
	Sequence	-edge_40_0_+disjointig_2_0_219790 219790 -12 268712 48921 268711
Edge	77	3	49	0	0	0	8
	Sequence	-edge_39_0_+disjointig_13_0_65372 65372 -5 102385 37012 102384
Edge	75	79	2	0	0	0	10
	Sequence	-edge_38_0_+disjointig_13_70628_102384 31756 -5 102385 0 31756
Edge	73	118	24	0	0	0	7
	Sequence	-edge_37_0_-disjointig_3_365433_395962 30529 18 395963 0 30529
Edge	69	54	55	0	0	0	9
	Sequence	-edge_35_0_-disjointig_24_0_73327 73327 17 73328 0 73327
Edge	65	58	8	0	0	0	8
	Sequence	-edge_33_0_-disjointig_12_31846_337957 306111 4 337958 0 306111
Edge	61	1	63	0	0	0	8
	Sequence	-edge_31_0_+disjointig_6_0_32541 32541 -21 545808 513266 545807
Edge	59	67	68	0	0	0	5
	Sequence	-edge_30_0_-disjointig_19_0_59275 59275 11 59276 0 59275
Edge	57	105	88	0	0	0	8
	Sequence	-edge_29_0_+disjointig_7_201388_292373 90985 -22 292374 0 90985
Edge	51	96	97	0	0	0	6
	Sequence	-edge_26_0_+disjointig_2_225100_268711 43611 -12 268712 0 43611
Edge	45	25	121	0	0	0	10
	Sequence	-edge_23_0_-disjointig_3_0_360050 360050 18 395963 35912 395962
Edge	43	23	6	0	0	0	14
	Sequence	-edge_22_0_+disjointig_12_311674_313416 1742 -4 337958 24541 26283
Edge	41	19	0	0	0	0	11
	Sequence	-edge_21_0_+disjointig_6_37500_43064 5564 -21 545808 502743 508307
Edge	39	89	53	0	0	0	6
	Sequence	-edge_20_0_+disjointig_7_161282_196000 34718 -22 292374 96373 131091
Edge	31	106	22	0	0	0	8
	Sequence	-edge_16_0_+disjointig_12_317868_337957 20089 -4 337958 0 20089
Edge	29	113	102	0	0	0	8
	Sequence	-edge_15_0_-disjointig_17_77023_104373 27350 9 104374 0 27350
Edge	13	11	92	0	0	0	6
	Sequence	-edge_7_0_+disjointig_1_0_10685 10685 -1 64603 53917 64602
Edge	9	100	101	0	0	0	6
	Sequence	-edge_5_0_-disjointig_1_0_48716 48716 1 64603 15886 64602
Edge	5	103	104	0	0	0	7
	Sequence	-edge_3_0_+disjointig_8_0_279499 279499 -23 279500 0 279499
