Edge	139	85	54	0	0	0	9
	Sequence	-edge_70_0_+85f7d21d-d910-422f-9f99-28df5f7181cf_3854_8797 4943 * 0 0 0
Edge	137	78	2	0	0	0	9
	Sequence	-edge_69_0_+edc53ca7-29ec-41cd-974b-b6303f7d9dbb_556_5803 5247 * 0 0 0
Edge	136	95	41	0	0	0	9
	Sequence	+edge_69_0_+edc53ca7-29ec-41cd-974b-b6303f7d9dbb_556_5803 5247 * 0 0 0
Edge	133	5	120	0	0	0	11
	Sequence	-edge_67_0_-c86b67b7-ae1e-4e0d-a6fb-516f75cea6b0_7522_13045 5523 * 0 0 0
Edge	132	8	6	0	0	0	11
	Sequence	+edge_67_0_-c86b67b7-ae1e-4e0d-a6fb-516f75cea6b0_7522_13045 5523 * 0 0 0
Edge	128	14	13	0	0	0	6
	Sequence	+edge_65_0_-270554a9-0547-4589-a27c-8fc8faba209e_8000_13155 5155 * 0 0 0
Edge	125	96	57	0	0	0	7
	Sequence	-edge_63_0_+72d580e0-5c1e-4fd3-97bf-c6345c5f1c17_1922_6985 5063 * 0 0 0
Edge	121	21	20	0	0	0	9
	Sequence	-edge_61_0_-b116f0cc-bcbe-4e01-97d8-b195eb794168_1577_5971 4394 * 0 0 0
Edge	130	12	11	0	0	0	7
	Sequence	+edge_66_0_+9cf90b60-f3c4-4958-b968-154f8c3cfa11_9616_14891 5275 * 0 0 0
Edge	120	23	22	0	0	0	9
	Sequence	+edge_61_0_-b116f0cc-bcbe-4e01-97d8-b195eb794168_1577_5971 4394 * 0 0 0
Edge	119	102	93	0	0	0	8
	Sequence	-edge_60_0_+10880ec2-6c0f-4ccb-8836-bbed9b8d892c_1431_6785 5354 * 0 0 0
Edge	134	4	3	0	0	0	11
	Sequence	+edge_68_0_+380702d6-1da7-4b3a-9777-33cddc38ba6a_10673_15094 4421 * 0 0 0
Edge	118	104	24	0	0	0	8
	Sequence	+edge_60_0_+10880ec2-6c0f-4ccb-8836-bbed9b8d892c_1431_6785 5354 * 0 0 0
Edge	116	81	98	0	0	0	8
	Sequence	+edge_59_0_-disjointig_18_8644_43235 34591 -10 43236 8644 43235
Edge	111	70	74	0	0	0	9
	Sequence	-edge_56_0_-disjointig_9_0_205960 205960 24 205961 0 205960
Edge	110	79	62	0	0	0	9
	Sequence	+edge_56_0_-disjointig_9_0_205960 205960 -24 205961 0 205960
Edge	109	40	40	0	0	0	8
	Sequence	-edge_55_0_+disjointig_20_1_112061 112060 -13 124689 12627 124687
Edge	108	50	50	0	0	0	8
	Sequence	+edge_55_0_+disjointig_20_1_112061 112060 13 124689 1 112061
Edge	106	47	38	0	0	0	7
	Sequence	+edge_54_0_-disjointig_15_7161_210043 202882 -7 210044 7161 210043
Edge	105	48	106	0	0	0	7
	Sequence	-edge_53_0_-disjointig_14_0_227688 227688 6 227750 61 227749
Edge	122	71	19	0	0	0	7
	Sequence	+edge_62_0_-6768d634-391b-4674-ad95-91926c8bbdb9_6263_11649 5386 * 0 0 0
Edge	103	76	66	0	0	0	7
	Sequence	-edge_52_0_+disjointig_4_4392_444205 439813 -19 444206 0 439813
Edge	97	83	109	0	0	0	9
	Sequence	-edge_49_0_-disjointig_11_0_344941 344941 3 344955 13 344954
Edge	93	94	97	0	0	0	7
	Sequence	-edge_47_0_-disjointig_22_0_83221 83221 15 83238 16 83237
Edge	89	59	35	0	0	0	9
	Sequence	-edge_45_0_+disjointig_7_0_156165 156165 -22 292374 136208 292373
Edge	78	77	12	0	0	0	8
	Sequence	+edge_40_0_+disjointig_2_0_219790 219790 12 268712 0 219790
Edge	77	2	72	0	0	0	8
	Sequence	-edge_39_0_+disjointig_13_0_65372 65372 -5 102385 37012 102384
Edge	76	53	95	0	0	0	8
	Sequence	+edge_39_0_+disjointig_13_0_65372 65372 5 102385 0 65372
Edge	72	93	91	0	0	0	7
	Sequence	+edge_37_0_-disjointig_3_365433_395962 30529 -18 395963 365433 395962
Edge	95	15	94	0	0	0	9
	Sequence	-edge_48_0_-disjointig_17_5066_71733 66667 9 104374 32640 99307
Edge	124	16	59	0	0	0	7
	Sequence	+edge_63_0_+72d580e0-5c1e-4fd3-97bf-c6345c5f1c17_1922_6985 5063 * 0 0 0
Edge	69	88	65	0	0	0	9
	Sequence	-edge_35_0_-disjointig_24_0_73327 73327 17 73328 0 73327
Edge	68	90	92	0	0	0	9
	Sequence	+edge_35_0_-disjointig_24_0_73327 73327 -17 73328 0 73327
Edge	65	86	8	0	0	0	8
	Sequence	-edge_33_0_-disjointig_12_31846_337957 306111 4 337958 0 306111
Edge	64	120	117	0	0	0	8
	Sequence	+edge_33_0_-disjointig_12_31846_337957 306111 -4 337958 31846 337957
Edge	112	62	80	0	0	0	8
	Sequence	+edge_57_0_+disjointig_5_17009_476322 459313 20 476323 17009 476322
Edge	79	9	64	0	0	0	8
	Sequence	-edge_40_0_+disjointig_2_0_219790 219790 -12 268712 48921 268711
Edge	61	54	63	0	0	0	8
	Sequence	-edge_31_0_+disjointig_6_0_32541 32541 -21 545808 513266 545807
Edge	88	37	96	0	0	0	9
	Sequence	+edge_45_0_+disjointig_7_0_156165 156165 22 292374 0 156165
Edge	60	32	0	0	0	0	8
	Sequence	+edge_31_0_+disjointig_6_0_32541 32541 21 545808 0 32541
Edge	59	30	29	0	0	0	5
	Sequence	-edge_30_0_-disjointig_19_0_59275 59275 11 59276 0 59275
Edge	138	0	114	0	0	0	9
	Sequence	+edge_70_0_+85f7d21d-d910-422f-9f99-28df5f7181cf_3854_8797 4943 * 0 0 0
Edge	58	28	46	0	0	0	5
	Sequence	+edge_30_0_-disjointig_19_0_59275 59275 -11 59276 0 59275
Edge	56	19	44	0	0	0	8
	Sequence	+edge_29_0_+disjointig_7_201388_292373 90985 22 292374 201388 292373
Edge	114	112	81	0	0	0	7
	Sequence	+edge_58_0_-disjointig_10_0_236125 236125 -2 236127 0 236125
Edge	98	107	31	0	0	0	9
	Sequence	+edge_50_0_-disjointig_16_52931_110290 57359 -8 110291 52931 110290
Edge	91	49	23	0	0	0	8
	Sequence	-edge_46_0_+disjointig_6_47505_545807 498302 -21 545808 0 498302
Edge	117	121	118	0	0	0	8
	Sequence	-edge_59_0_-disjointig_18_8644_43235 34591 10 43236 0 34591
Edge	75	61	78	0	0	0	10
	Sequence	-edge_38_0_+disjointig_13_70628_102384 31756 -5 102385 0 31756
Edge	115	118	119	0	0	0	7
	Sequence	-edge_58_0_-disjointig_10_0_236125 236125 2 236127 1 236126
Edge	102	55	116	0	0	0	7
	Sequence	+edge_52_0_+disjointig_4_4392_444205 439813 19 444206 4392 444205
Edge	74	41	34	0	0	0	10
	Sequence	+edge_38_0_+disjointig_13_70628_102384 31756 5 102385 70628 102384
Edge	113	84	70	0	0	0	8
	Sequence	-edge_57_0_+disjointig_5_17009_476322 459313 -20 476323 0 459313
Edge	92	58	42	0	0	0	7
	Sequence	+edge_47_0_-disjointig_22_0_83221 83221 -15 83238 0 83221
Edge	50	11	56	0	0	0	6
	Sequence	+edge_26_0_+disjointig_2_225100_268711 43611 12 268712 225100 268711
Edge	123	18	17	0	0	0	7
	Sequence	-edge_62_0_-6768d634-391b-4674-ad95-91926c8bbdb9_6263_11649 5386 * 0 0 0
Edge	12	111	39	0	0	0	6
	Sequence	+edge_7_0_+disjointig_1_0_10685 10685 1 64603 0 10685
Edge	13	13	60	0	0	0	6
	Sequence	-edge_7_0_+disjointig_1_0_10685 10685 -1 64603 53917 64602
Edge	4	27	26	0	0	0	7
	Sequence	+edge_3_0_+disjointig_8_0_279499 279499 23 279500 0 279499
Edge	101	66	105	0	0	0	7
	Sequence	-edge_51_0_+disjointig_23_0_177032 177032 -16 179893 2860 179892
Edge	51	51	10	0	0	0	6
	Sequence	-edge_26_0_+disjointig_2_225100_268711 43611 -12 268712 0 43611
Edge	104	108	47	0	0	0	7
	Sequence	+edge_53_0_-disjointig_14_0_227688 227688 -6 227750 0 227688
Edge	90	20	99	0	0	0	8
	Sequence	+edge_46_0_+disjointig_6_47505_545807 498302 21 545808 47505 545807
Edge	9	36	45	0	0	0	6
	Sequence	-edge_5_0_-disjointig_1_0_48716 48716 1 64603 15886 64602
Edge	127	33	15	0	0	0	8
	Sequence	-edge_64_0_-75b9ad6d-9566-450a-ae1e-d909b6093330_9845_15115 5270 * 0 0 0
Edge	5	103	25	0	0	0	7
	Sequence	-edge_3_0_+disjointig_8_0_279499 279499 -23 279500 0 279499
Edge	57	82	18	0	0	0	8
	Sequence	-edge_29_0_+disjointig_7_201388_292373 90985 -22 292374 0 90985
Edge	31	52	4	0	0	0	8
	Sequence	-edge_16_0_+disjointig_12_317868_337957 20089 -4 337958 0 20089
Edge	135	7	1	0	0	0	11
	Sequence	-edge_68_0_+380702d6-1da7-4b3a-9777-33cddc38ba6a_10673_15094 4421 * 0 0 0
Edge	43	3	5	0	0	0	14
	Sequence	-edge_22_0_+disjointig_12_311674_313416 1742 -4 337958 24541 26283
Edge	131	10	9	0	0	0	7
	Sequence	-edge_66_0_+9cf90b60-f3c4-4958-b968-154f8c3cfa11_9616_14891 5275 * 0 0 0
Edge	96	67	107	0	0	0	9
	Sequence	+edge_49_0_-disjointig_11_0_344941 344941 -3 344955 0 344941
Edge	94	42	69	0	0	0	9
	Sequence	+edge_48_0_-disjointig_17_5066_71733 66667 -9 104374 5066 71733
Edge	30	1	115	0	0	0	8
	Sequence	+edge_16_0_+disjointig_12_317868_337957 20089 4 337958 317868 337957
Edge	42	6	7	0	0	0	14
	Sequence	+edge_22_0_+disjointig_12_311674_313416 1742 4 337958 311674 313416
Edge	8	113	14	0	0	0	6
	Sequence	+edge_5_0_-disjointig_1_0_48716 48716 -1 64603 0 48716
Edge	29	87	33	0	0	0	8
	Sequence	-edge_15_0_-disjointig_17_77023_104373 27350 9 104374 0 27350
Edge	100	110	55	0	0	0	7
	Sequence	+edge_51_0_+disjointig_23_0_177032 177032 16 179893 0 177032
Edge	99	73	83	0	0	0	9
	Sequence	-edge_50_0_-disjointig_16_52931_110290 57359 8 110291 0 57359
Edge	129	39	36	0	0	0	6
	Sequence	-edge_65_0_-270554a9-0547-4589-a27c-8fc8faba209e_8000_13155 5155 * 0 0 0
Edge	126	69	101	0	0	0	8
	Sequence	+edge_64_0_-75b9ad6d-9566-450a-ae1e-d909b6093330_9845_15115 5270 * 0 0 0
Edge	39	17	16	0	0	0	6
	Sequence	-edge_20_0_+disjointig_7_161282_196000 34718 -22 292374 96373 131091
Edge	28	101	75	0	0	0	8
	Sequence	+edge_15_0_-disjointig_17_77023_104373 27350 -9 104374 77023 104373
Edge	38	57	71	0	0	0	6
	Sequence	+edge_20_0_+disjointig_7_161282_196000 34718 22 292374 161282 196000
Edge	73	89	104	0	0	0	7
	Sequence	-edge_37_0_-disjointig_3_365433_395962 30529 18 395963 0 30529
Edge	40	114	21	0	0	0	11
	Sequence	+edge_21_0_+disjointig_6_37500_43064 5564 21 545808 37500 43064
Edge	44	68	102	0	0	0	10
	Sequence	+edge_23_0_-disjointig_3_0_360050 360050 -18 395963 0 360050
Edge	41	22	85	0	0	0	11
	Sequence	-edge_21_0_+disjointig_6_37500_43064 5564 -21 545808 502743 508307
Edge	107	100	48	0	0	0	7
	Sequence	-edge_54_0_-disjointig_15_7161_210043 202882 7 210044 0 202882
Edge	45	24	43	0	0	0	10
	Sequence	-edge_23_0_-disjointig_3_0_360050 360050 18 395963 35912 395962
